set comp := HSBA	RDSA	RIO	BP	GSK	DGE	AZN	VOD	CLEN	ULVR;
set date := r1	r2	r3	r4	r5	r6	r7	r8	r9	r10	r11	r12	r13	r14	r15	r16	r17	r18	r19	r20	r21	r22	r23	r24	r25	r26	r27	r28	r29	r30	r31	r32	r33	r34	r35	r36	r37	r38	r39	r40	r41	r42	r43	r44	r45	r46	r47	r48	r49	r50	r51	r52	r53	r54	r55	r56	r57	r58	r59	r60	r61	r62	r63	r64	r65	r66	r67	r68	r69	r70	r71	r72	r73	r74	r75	r76	r77	r78	r79	r80	r81	r82	r83	r84	r85	r86	r87	r88	r89	r90	r91	r92	r93	r94	r95	r96	r97	r98	r99	r100	r101	r102	r103	r104;

param matrix: HSBA	RDSA	RIO	BP	GSK	DGE	AZN	VOD	CLEN	ULVR :=
r1	-0.007045051	0.005954825	0.002281879	0.015286425	-0.013225569	-0.012528913	-0.03011583	-0.012309149	-0.027451482	-0.005951582
r2	-0.013630913	0.046411689	0.047967365	0.037959418	-0.004024881	-0.005368098	0.031461569	0.01739332	0.031726562	0.011227978
r3	-0.000400732	0.005835314	-0.012638889	0.012197601	-0.103052182	0.015774099	-0.027121271	-0.005764353	-0.029085139	0.016702761
r4	0.026525916	0.012251149	-0.023993493	0.002241251	0.00494723	0.006270821	0.006826604	0.005564628	0.004248555	-0.075846785
r5	-0.023649128	-0.005223069	0.003400435	0.000815648	-0.008177952	0.010095012	-0.00523865	0.018177483	0.026437755	0.027498893
r6	0.026862136	0.021792306	0.058450907	0.027446064	0.026872691	0.029759478	0.040161453	0.014367816	0.072807	0.01458672
r7	0.01375321	0.026712329	-0.007714286	0.022931809	0.009837178	0.006772009	0.008754072	0.002641071	-0.014835069	0.012898645
r8	0.026977387	0.041617122	0.013758146	0.040936991	0.013755158	-0.020699357	0.040788219	0.008718833	0.00769229	-0.019431969
r9	-0.029339226	-0.016604303	-0.041105402	0.004819534	-0.026773762	-0.04067862	-0.014718163	-0.034152061	-0.043596327	-0.035167479
r10	-0.027077439	0.007540057	-0.042292858	0.003035427	-0.025122349	0.001738123	0.043004899	-0.0261959	-0.01076296	0.004009773
r11	0.009289179	-0.009568261	0.026905217	-0.001683502	0.008555446	0.00817757	0.020895854	-0.000455401	0.040249484	-0.004766628
r12	0.008964906	0.013241901	0.067502551	0.0125	0.019798658	0.007256325	0.011580841	0.002510856	0.027223608	0.012798867
r13	-0.000814267	0.006905347	0.041717474	-0.001070852	0.023055133	0.046419208	0.030121777	-0.0020501	0.066615019	0.01817566
r14	-0.03214341	-0.021988112	-0.049633344	-0.02789838	-0.038461511	-0.011586106	-0.033083404	-0.024444444	-0.046773224	0.011382181
r15	0.03415822	0.031907425	0.011986274	0.03575437	0.010207466	0.024979516	0.011714834	0.02133453	0.019773527	0.006933199
r16	0.011563032	0.017556454	0.045034305	-0.003584925	-0.059752318	0.0684752	-0.130143632	-0.025221226	0.056450404	-0.011649114
r17	0.001635055	0.014146384	-0.021164809	-0.001230878	0.004041006	0.000218723	0.030709204	0.03290675	-0.00806714	0.025444036
r18	0.007827605	0.002935408	0.023301014	0.006078998	-0.003716327	0.010614868	-0.025633526	0.000228585	0.063414634	0.021869277
r19	0.023183859	0.004422586	0.03254159	-0.012780602	-0.012840095	-0.003306241	-0.000973669	0.004592423	0.034992986	0.005535458
r20	0.045541291	-0.015243132	0.062080311	-0.01413389	-0.042727552	-0.015835132	-0.049250132	-0.026598109	0.027549266	-0.030451462
r21	-0.009458639	-0.022931474	-0.028639688	-0.022072212	0.013946568	-0.015588289	0.022142308	0.005167351	-0.000893681	0.002104545
r22	-0.012217888	0.004035103	-0.037371681	0.022570391	-0.007656018	0.006663778	-0.009930739	0.047734323	-0.051694905	-0.012013524
r23	0.025501167	0.009343605	0.034378975	-0.013830347	-0.004689364	-0.015032784	-0.005033512	-0.038704031	0.028770763	-0.010062824
r24	0.005037083	-0.014636524	-0.010658365	-0.024865658	0.03802858	0.010483525	0.026210084	-0.001086038	-0.019658147	0.014383567
r25	0.026171492	0.0172822	0.007103451	0.005083141	-0.0024279	0.019633507	0.021097878	0.04493871	-0.008978445	0.0416868
r26	-0.018581368	-0.012587359	0.066498268	0.043995311	0.001195756	-0.005639932	-0.011012363	0.043828508	0.045937485	0.008653194
r27	0.029608278	0.037484893	-0.003021105	0.019164817	0.048488691	0.012074722	0.123873568	0.029763404	-0.014011385	0.036487694
r28	0.03472118	0.032459444	-0.027106516	0.019999982	0.024516111	0.013799197	-0.006900279	0.029640754	-0.04808168	0.004028211
r29	0.020031991	0.00501875	0.001144363	0.002492092	-0.00990093	0.017436641	0.015659226	0.001509402	0.016742004	0.008761869
r30	-0.030905443	-0.054118233	-0.020025642	-0.063044006	-0.04948393	-0.039164492	-0.037318135	-0.025735296	-0.033651503	-0.023800627
r31	-0.016045248	-0.018177485	-0.041167413	0.014318021	0.006108703	0.007232088	-0.010535041	0.003937025	-0.037527353	-0.001732546
r32	0.005377207	0.023616403	0.014176643	0.015080322	-0.013558341	-0.000875901	-0.024223973	-0.023546384	0.025387285	0.025637855
r33	0.004010517	0.006240966	-0.014735171	0.012614805	-0.006584805	-0.01061525	-0.003246429	-0.01654062	-0.020641096	-0.019537101
r34	-0.016385906	-0.018841353	-0.056754055	-0.024082014	-0.010074065	-0.00474339	0.006432554	0.000946082	-0.065877889	-0.00544557
r35	-0.011399511	0.004494991	0.086518772	-0.016358686	0.008968562	0.022036164	0.028889577	0.037036981	0.102237986	0.001115128
r36	-0.001647117	-0.011228042	-0.048353256	0.014330363	-0.009182409	0.002208395	-0.00439291	0.008160304	-0.081892134	0.045601788
r37	0.05273836	0.031114307	0.0362718	0.03791097	0.044105538	0.007112096	0.037209872	-0.003204379	0.032824365	0.022926047
r38	-0.080848065	0.007433483	-0.078899783	0.002466389	0	-0.000659803	0.036276655	0.024494945	0.025199649	-0.006320768
r39	0.029989874	-0.033002432	0.007557705	-0.029590921	0.030483922	0.008205718	-0.006808656	0.001517497	-0.004053074	0.156532664
r40	0.002481027	-0.012083976	0.053679351	-0.039699143	0.028109904	0.018752723	0.06161078	0.018547073	0.036348975	0.012849943
r41	-0.003490473	0.000912731	-0.049614487	-0.01684469	0.018092131	-0.013814571	0.028072725	0.003878977	-0.054528786	0.010824076
r42	0.013561298	-0.014394866	0.034057954	-0.023176491	-0.017135496	0.042751029	-0.018409193	-0.061635511	0.028270792	-0.037935062
r43	0.000590094	-0.025641112	0.009509903	-0.037934375	-0.024597941	-0.020705341	-0.063028776	-0.040288716	0.005209896	-0.006503025
r44	0.013452831	0.006174358	0.10420026	0.006802746	0.001263018	0.02519239	0.012855621	0.015850405	0.097937344	0.027018675
r45	0.018419817	0.011148212	-0.020104442	0.009615382	0.013764368	0.015876835	0.025464805	0.057543187	0.040021607	0.000455622
r46	0.016086584	0.013101408	0.03084201	0.013121259	0.008392547	0.006199262	0.006920866	-0.003490381	0.024755298	0.006111552
r47	-0.0305892	0.017701126	-0.008895415	0.027159506	0.015072083	0.020437968	0.001363315	0.000498921	0.008383016	0.03822965
r48	-0.010240411	0.041916123	-0.040949254	0.026624724	0.03247631	0.00587371	0.02827103	0.010332657	-0.105333403	0.008801482
r49	0.074469855	0.01928716	0.072533708	0.02217937	0.007498254	0.043678178	0.055487029	0.036572572	0.07952496	0.004500969
r50	-0.021685016	0.018398762	-0.034532559	0.025717058	-0.047711644	-0.028535968	-0.05730553	-0.018125817	-0.019060951	-0.019697569
r51	0.011360184	0.013098246	0.061008865	0.016307459	0.01182251	-0.006899935	-0.005088546	-0.029038456	0.081710547	0.016987188
r52	0.022422811	0.037061173	-0.04398828	0.028253115	-0.007820011	0.023455221	-0.000577896	0.001466198	-0.062466548	-0.013750568
r53	0.042199138	-0.033473893	0.12520611	-0.024862789	0.015940906	-0.036920154	-0.009615305	-0.042358977	0.174726674	-0.046564175
r54	-0.047558108	-0.026315806	-0.036729642	-0.092857855	-0.060829546	-0.05897139	-0.053931224	-0.060672624	-0.027402819	-0.028030666
r55	0.009968013	-0.002408495	0.061083089	-0.001217689	-0.018691654	0.004131236	-0.067649385	0.017445641	0.029257015	-0.012620211
r56	0.010974912	-0.004077597	0.027927553	0.006639395	-0.01921933	-0.005251082	0.001010705	-0.006665124	0.040744818	-0.017195114
r57	0.000161388	0.007734979	-0.030076573	0.033790896	-0.010532505	-0.01859737	-0.027329898	0.006709846	0.020796003	-0.046242803
r58	0.070502731	0.080720995	0.039619311	0.052222314	0.040170374	0.009500119	0.016386855	0.008117335	0.053971353	0.017786297
r59	0.007661652	0.026273469	0.022032598	0.029983891	-0.00604952	-0.00651678	-0.032108344	0.004757558	0.003073192	0.006333529
r60	0.0134109	0.036975268	0.105066793	0.039248448	0.022895957	0.049033391	0.014720392	0.009837571	0.143243276	0.03270291
r61	-0.019550154	-0.043350997	-0.02999994	-0.038316465	0.010315813	0.019711495	0.057273237	-0.01242658	0.000811469	-0.003824335
r62	-0.004992363	0.005078838	0.00988398	0.014269171	-0.033534779	-0.030980607	-0.024197635	-0.031721759	0.017056461	-0.036309102
r63	0.062168666	-0.013189093	-0.056940207	-0.008853631	0.003334346	-0.002323934	-0.003329942	-0.019309119	-0.01756763	0.02633802
r64	0.006811485	-0.016091515	0.008789849	0.00115113	-0.011387518	-0.012393938	-0.020363811	-0.008508866	-0.018827941	-0.010397966
r65	0.01093039	0.02273	0.029269218	0.003813296	-0.002136639	0.015818731	0.004162781	-0.015909542	-0.038745777	-0.006199988
r66	0.027526244	0.01053195	-0.030388424	0.050974863	-0.002065569	0.000458905	-0.022030639	0.021818213	0.022413286	0.032691106
r67	0.071298852	-0.02314821	0.009343916	-0.017570674	0.003850708	0.008792094	0.034072828	0.018296624	0.027309318	0.002264073
r68	0.003038903	-0.070745706	0.04168434	-0.055850401	0.017173952	0.010521402	0.094417356	-0.025472266	0.012744039	-0.00702538
r69	0.029835234	0.003116868	-0.043126139	-0.011046688	0.005757505	0.019304077	0.024544645	0.033567369	-0.008335603	-0.007114976
r70	0.018054383	-0.007849753	0.042863115	0.000328206	-0.001512894	-0.021226842	-0.015741149	-0.000438645	0.111476343	-0.018485515
r71	0.00202182	0.012524012	0.009808124	0.026044054	0.032812617	0.017323188	0.015880072	-0.005235542	0.072779787	0.008701629
r72	0.048889496	0.108974426	0.128760435	0.131461946	0.079621928	0.121938194	0.116829983	0.045143557	0.118322037	0.108559268
r73	0.038844965	0.060022573	0.035901362	0.054937657	0.068108235	0.061016956	0.062878986	0.038352332	-0.007826572	0.064027286
r74	-0.005878804	-0.007865146	0.032698208	0.006473391	-0.018394135	-0.022639446	-0.015316704	0.017227196	0.048098479	-0.030178532
r75	-0.024842776	0.062052545	0.024802123	0.034025985	-0.031185635	-0.02712867	-0.046298638	-0.059325658	-0.011426392	-0.010784601
r76	-0.008139138	0.000596956	-0.035132392	-0.009393652	0.004474951	-0.011417943	0.004101933	-0.018056781	0.010052058	0.014750229
r77	0.063141017	0.016365825	-0.014798128	0.016713485	0.011490228	0.024483154	0.032866863	0.015277161	0.043917702	0.023206806
r78	-0.00174428	-0.026651175	-0.018705358	-0.017931002	0.001196987	-0.029566991	-0.011548192	0.02049	-0.019062149	-0.026694071
r79	-0.0040532	-0.009469101	-0.0478088	0.019308339	0.009027667	0.011752035	0.037251496	0.026285663	-0.099244628	0.018664435
r80	-0.045856379	-0.020792401	-0.044986485	-0.029966575	-0.013022742	0.014084543	-0.032968426	-0.002052883	-0.106200036	0.025724987
r81	-0.030010769	-0.019018751	-0.043049985	0.014797798	-0.017508292	-0.024570619	-0.045791308	-0.038807301	0.006798475	-0.04277661
r82	0.035516289	0	0.04662634	0.034695822	-0.013944188	-0.020951996	-0.00723504	-0.007399258	0.03951178	-0.026985811
r83	0.077751079	0.046739845	0.153011091	0.01598398	0.023445344	0.010983281	0	0.009890077	0.137792335	0.012660189
r84	-0.032407388	0.038968849	-0.010738912	0.019051873	0.040296937	0.013517156	0.054418329	0.033151704	-0.086477442	0.023222713
r85	-0.014373742	-0.005366799	0.009290346	-0.02702703	0.017992081	0.00936322	0.006526787	0.00847253	-0.009589993	0.007640869
r86	-0.023395762	-0.012076525	-0.047443454	-0.010224079	0.003249163	0.000267637	0.004370118	0.004600892	-0.059701503	0.0137164
r87	-0.005649747	0.017075943	0.016999992	0.040209684	-0.009298979	-0.002402538	-0.037962198	0	0.134791847	0.000807484
r88	0.027370897	-0.005067016	-0.005964272	-0.067137695	0.020437936	-0.000533635	0.005595738	-0.017627171	-0.114374968	-0.004181441
r89	-0.029528221	0.021931126	0.126019915	0.0870142	-0.028713247	0.017128218	-0.043643774	0.010966521	0.247563319	0.003874671
r90	0.038901809	0.071617166	-0.016389104	-0.013983876	0.036253019	0.019961688	0.064882916	0.02770605	0.083192645	0.020764758
r91	0.02145791	0.024581987	0.023816049	0.054737165	0.014668048	0.040102438	0.006548956	0.036505211	0.202518777	0.030395638
r92	-0.038112996	-0.006188715	0.016226544	-0.051761006	-0.026766665	-0.02143056	-0.015330347	-0.00748792	-0.036123397	-0.000135704
r93	-0.069977599	0.011198819	0.060676804	-0.067668165	-0.026407266	-0.046696757	-0.08423395	-0.075480111	0.141595843	-0.03808761
r94	0.026587379	0.094448408	0.036589043	0.066345249	0.0341361	0.014535569	0.029125059	0.020277926	0.138712284	0.056868839
r95	-0.012662224	0.026646922	0.006084593	0.043028313	0.020535228	0.037130153	0.030851053	0.014797621	0.069115665	0.043058831
r96	-0.026848254	-0.017454508	-0.054916626	0.028749566	-0.005833054	-0.010497304	-0.027362638	-0.030486379	-0.051368194	0.007198078
r97	-0.069190665	-0.098951492	-0.121495299	-0.071468917	-0.001092411	-0.025047107	-0.057944315	0.009276026	-0.143678137	-0.050572358
r98	-0.009421642	-0.019909965	-0.01345631	-0.032654665	-0.002180254	0	0.016850361	0.020078485	-0.020779237	0.012279424
r99	0.022864615	0.063888037	0.077315523	0.078544167	0.031484164	0.027109279	0.03854497	0.025319489	0.142715739	0.024813905
r100	0.062650601	0.006879907	-0.012198454	0.003846029	0.028131162	0.000553571	0.009584309	0.015133283	-0.052828849	0.026938575
r101	-0.048346961	-0.083254707	-0.093945223	-0.060328028	-0.016300253	-0.044685322	-0.025213891	-0.034330825	-0.021995583	-0.016469816
r102	-0.02168645	-0.042861376	-0.053660741	-0.069460722	-0.034053406	-0.017407117	-0.015623279	-0.045394182	-0.049956452	-0.028859374
r103	0.007155152	0.013149846	-0.042247333	0.013768707	0.003306327	-0.001815401	0.002889221	0.027165675	-0.004873876	0.008768746
r104	0.034879045	0.062661114	0.023172761	0.046090611	0.051497858	0.04300788	0.099047422	0.014065546	-0.008377153	0.035221584;
